Air: 1
Con: 0.123-30

For New Curve (R² >= 0.9995):

for ppm = a*ratio^b:

Gas    | a       | b
Hydrogen| 0.8829  | -0.0854
Ammonia| 0.8751  | -0.251 
Ethanol| 0.7828  | -0.411 
Hydrogen Sulfide| 0.4093  | -0.3105
Toluen | 0.3043  | -0.5706

for ppm = 10^[(log10(ratio)-b)/m]:

Gas    | m       | b
Hydrogen| -0.0854 | -0.0541
Ammonia| -0.251  | -0.0579
Ethanol| -0.411  | -0.1063
Hydrogen Sulfide| -0.3105 | -0.388 
Toluen | -0.5706 | -0.5167


For Old Curve:

for ppm = a*ratio^b:

Gas    | a       | b
Hydrogen| 0.8829  | -0.0854
Ammonia| 0.8751  | -0.251 
Ethanol| 0.7828  | -0.411 
Hydrogen Sulfide| 0.4093  | -0.3105
Toluen | 0.3043  | -0.5706

for ppm = 10^[(log10(ratio)-b)/m]:

Gas    | m       | b
Hydrogen| -0.0854 | -0.0541
Ammonia| -0.251  | -0.0579
Ethanol| -0.411  | -0.1063
Hydrogen Sulfide| -0.3105 | -0.388 
Toluen | -0.5706 | -0.5167


Hydrogen
1, 0.875
2, 0.83
3, 0.814
4, 0.785
5, 0.771
6, 0.757
7, 0.75
8, 0.743
9, 0.736
10, 0.723
20, 0.68
30, 0.654

[(1, 0.875), (2, 0.83), (3, 0.814), (4, 0.785), (5, 0.771), (6, 0.757), (7, 0.75), (8, 0.743), (9, 0.736), (10, 0.723), (20, 0.68), (30, 0.654)]

Ammonia
1, 0.814
2, 0.743
3, 0.704
4, 0.643
5, 0.608
6, 0.576
7, 0.556
8, 0.536
9, 0.517
10, 0.507
20, 0.36
30, 0.294

[(1, 0.814), (2, 0.743), (3, 0.704), (4, 0.643), (5, 0.608), (6, 0.576), (7, 0.556), (8, 0.536), (9, 0.517), (10, 0.507), (20, 0.36), (30, 0.294)]

Ethanol
1, 0.757
2, 0.597
3, 0.526
4, 0.455
5, 0.415
6, 0.38
7, 0.36
8, 0.334
9, 0.316
10, 0.305
20, 0.2
30, 0.158

[(1, 0.757), (2, 0.597), (3, 0.526), (4, 0.455), (5, 0.415), (6, 0.38), (7, 0.36), (8, 0.334), (9, 0.316), (10, 0.305), (20, 0.2), (30, 0.158)]

Hydrogen Sulfide
0.1, 0.785
0.2, 0.691
0.3, 0.637
0.4, 0.571
0.5, 0.526
0.6, 0.489
0.7, 0.467
0.8, 0.447
0.9, 0.423
1, 0.408
2, 0.29
3, 0.236

[(0.1, 0.785), (0.2, 0.691), (0.3, 0.637), (0.4, 0.571), (0.5, 0.526), (0.6, 0.489), (0.7, 0.467), (0.8, 0.447), (0.9, 0.423), (1, 0.408), (2, 0.29), (3, 0.236)]

Toluen
1, 0.3
2, 0.208
3, 0.17
4, 0.14
5, 0.123
6, 0.108
7, 0.1
8, 0.092
9, 0.084
10, 0.08
20, 0.052
30, 0.04

[(1, 0.3), (2, 0.208), (3, 0.17), (4, 0.14), (5, 0.123), (6, 0.108), (7, 0.1), (8, 0.092), (9, 0.084), (10, 0.08), (20, 0.052), (30, 0.04)]