Air: 1
Con: 1-100

for ppm = a*ratio^b:

Gas    | a       | b
Methane_1| 1.0     | -0.0189
Methane_2| 1.1533  | -0.1075
Methane_3| 1.2661  | -0.135 
CO_1   | 1.0     | -0.0661
CO_2   | 1.1285  | -0.1761
CO_3   | 1.2673  | -0.2482
CO_4   | 1.7941  | -0.337 
Iso-Butane_1| 0.72    | -0.2962
Iso-Butane_2| 0.6463  | -0.1979
Iso-Butane_3| 0.7733  | -0.3094
Iso-Butane_4| 0.8488  | -0.3368
Ethanol_1| 0.66    | -0.326 
Ethanol_2| 0.5382  | -0.1788
Ethanol_3| 0.7499  | -0.3493
Ethanol_4| 0.4737  | -0.2412
Hydrogen_1| 0.65    | -0.2951
Hydrogen_2| 0.6649  | -0.3157
Hydrogen_3| 0.7136  | -0.3596
Hydrogen_4| 0.8139  | -0.3983

for ppm = 10^[(log10(ratio)-b)/m]:

Gas    | m       | b
Methane_1| -0.0189 | 0.0    
Methane_2| -0.1075 | 0.0619 
Methane_3| -0.135  | 0.1025 
CO_1   | -0.0661 | 0.0    
CO_2   | -0.1761 | 0.0525 
CO_3   | -0.2482 | 0.1029 
CO_4   | -0.337  | 0.2539 
Iso-Butane_1| -0.2962 | -0.1427
Iso-Butane_2| -0.1979 | -0.1896
Iso-Butane_3| -0.3094 | -0.1117
Iso-Butane_4| -0.3368 | -0.0712
Ethanol_1| -0.326  | -0.1805
Ethanol_2| -0.1788 | -0.2691
Ethanol_3| -0.3493 | -0.125 
Ethanol_4| -0.2412 | -0.3245
Hydrogen_1| -0.2951 | -0.1871
Hydrogen_2| -0.3157 | -0.1773
Hydrogen_3| -0.3596 | -0.1466
Hydrogen_4| -0.3983 | -0.0894

Methane
1, 1
5, 0.97
30, 0.8
100, 0.68

[(1, 1), (5, 0.97), (30, 0.8), (100, 0.68)]

CO
1, 1
3, 0.93
5, 0.85
50, 0.48
100, 0.38

[(1, 1), (3, 0.93), (5, 0.85), (50, 0.48), (100, 0.38)]

Iso-Butane
1, 0.72
3, 0.52
5, 0.47
30, 0.27
100, 0.18

[(1, 0.72), (3, 0.52), (5, 0.47), (30, 0.27), (100, 0.18)]

Ethanol
1, 0.66
4, 0.42
7, 0.38
70, 0.17
90, 0.16

[(1, 0.66), (4, 0.42), (7, 0.38), (70, 0.17), (90, 0.16)]

Hydrogen
1, 0.65
3, 0.47
5, 0.4
30, 0.21
100, 0.13

[(1, 0.65), (3, 0.47), (5, 0.4), (30, 0.21), (100, 0.13)]

Methane: (1, 1) (5, 0.97) | (30, 0.8) | (100, 0.68) _ CO: (1, 1) (3, 0.93) | (5, 0.85) | (50, 0.48) | (100, 0.38) _ Iso-Butane: (1, 0.72) (3, 0.52) | (5, 0.47) | (30, 0.27) | (100, 0.18) _ Ethanol: (1, 0.66) (4, 0.42) | (7, 0.38) | (70, 0.17) | (90, 0.16) _ Hydrogen: (1, 0.65) (3, 0.47) | (5, 0.4) | (30, 0.21) | (100, 0.13)
