Con: 300-5000

TGS2610C
Air: 12.58

for ppm = a*ratio^b:

Gas    | a       | b
Ethanol| 90.142  | -0.5195
Hydrogen| 65.0499 | -0.4975
Methane| 75.3529 | -0.5435
Iso-Butane_1| 80.0518 | -0.5856
Iso-Butane_2| 64.5276 | -0.5545
Propane| 66.1975 | -0.5728

for ppm = 10^[(log10(ratio)-b)/m]:

Gas    | m       | b
Ethanol| -0.5195 | 1.9549 
Hydrogen| -0.4975 | 1.8132 
Methane| -0.5435 | 1.8771 
Iso-Butane_1| -0.5856 | 1.9034 
Iso-Butane_2| -0.5545 | 1.8097 
Propane| -0.5728 | 1.8208 

Ethanol
300, 4.66
500, 3.574
1000, 2.48
3000, 1.414
5000, 1.085

[(300, 4.66), (500, 3.574), (1000, 2.48), (3000, 1.414), (5000, 1.085)]

Hydrogen
300, 3.82
500, 2.93
1000, 2.104
3000, 1.218
5000, 0.935

[(300, 3.82), (500, 2.93), (1000, 2.104), (3000, 1.218), (5000, 0.935)]

Methane
300, 3.4
500, 2.567
1000, 1.754
3000, 0.966
5000, 0.754

[(300, 3.4), (500, 2.567), (1000, 1.754), (3000, 0.966), (5000, 0.754)]

Iso-Butane
300, 2.835
500, 2.104
1000, 1.4
3000, 0.766
5000, 0.57

[(300, 2.835), (500, 2.104), (1000, 1.4), (3000, 0.766), (5000, 0.57)]

Propane
300, 2.525
500, 1.874
1000, 1.28
3000, 0.67
5000, 0.5

[(300, 2.525), (500, 1.874), (1000, 1.28), (3000, 0.67), (5000, 0.5)]

Ethanol: (300, 4.66) (500, 3.574) (1000, 2.48) (3000, 1.414) (5000, 1.085) _Hydrogen: (300, 3.82) (500, 2.93) (1000, 2.104) (3000, 1.218) (5000, 0.935) _Methane: (300, 3.4) (500, 2.567) (1000, 1.754) (3000, 0.966) (5000, 0.754) _Iso-Butane: (300, 2.835) (500, 2.104) (1000, 1.4) | (3000, 0.766) (5000, 0.57) _Propane: (300, 2.525) (500, 1.874) (1000, 1.28) (3000, 0.67) (5000, 0.5)

TGS2610D
Air: 12.88

Ethanol
300, 12.448
500, 12
1000, 11.633
5000, 10.688

[(300, 12.448), (500, 12), (1000, 11.633), (5000, 10.688)]

Hydrogen
300, 3.935
500, 2.666
1000, 2.033
3000, 1.203
5000, 0.933

[(300, 3.935), (500, 2.666), (1000, 2.033), (3000, 1.203), (5000, 0.933)]

Methane
300, 3.437
500, 2.25
1000, 1.687
3000, 0.902
5000, 0.665

[(300, 3.437), (500, 2.25), (1000, 1.687), (3000, 0.902), (5000, 0.665)]

Iso-butane
300, 2.853
500, 1.9
1000, 1.425
3000, 0.736
5000, 0.543

[(300, 2.853), (500, 1.9), (1000, 1.425), (3000, 0.736), (5000, 0.543)]

Propane
300, 2.491
500, 1.66
1000, 1.244
3000, 0.643
5000, 0.482

[(300, 2.491), (500, 1.66), (1000, 1.244), (3000, 0.643), (5000, 0.482)]

Ethanol: (300, 12.448) (500, 12) | (1000, 11.633) | (5000, 10.688) _Hydrogen: (300, 3.935) (500, 2.666) | (1000, 2.033) | (3000, 1.203) (5000, 0.933) _Methane: (300, 3.437) (500, 2.25) | (1000, 1.687) | (3000, 0.902) (5000, 0.665) _Iso-butane: (300, 2.853) (500, 1.9) | (1000, 1.425) | (3000, 0.736) (5000, 0.543) _Propane: (300, 2.491) (500, 1.66) | (1000, 1.244) | (3000, 0.643) (5000, 0.482)