Con: 300-10000

TGS2611C
Air: 8.84

for ppm = a*ratio^b:

Gas    | a       | b
Ethanol_1| 40.985  | -0.325 
Ethanol_2| 66.3129 | -0.3949
Ethanol_3| 97.6833 | -0.4392
Hydrogen_1| 31.7967 | -0.3121
Hydrogen_2| 47.7886 | -0.3774
Hydrogen_3| 58.0794 | -0.4022
Hydrogen_4| 9.7565  | -0.2007
Iso-butane_1| 30.2344 | -0.3127
Iso-butane_2| 40.9718 | -0.3616
Iso-butane_3| 58.9969 | -0.4141
Methane_1| 45.363  | -0.4558
Methane_2| 25.0514 | -0.3603
Methane_3| 42.9736 | -0.4384
Methane_4| 64.1565 | -0.4885
Methane_5| 44.0758 | -0.446 

for ppm = 10^[(log10(ratio)-b)/m]:

Gas    | m       | b
Ethanol_1| -0.325  | 1.6126 
Ethanol_2| -0.3949 | 1.8216 
Ethanol_3| -0.4392 | 1.9898 
Hydrogen_1| -0.3121 | 1.5024 
Hydrogen_2| -0.3774 | 1.6793 
Hydrogen_3| -0.4022 | 1.764  
Hydrogen_4| -0.2007 | 0.9893 
Iso-butane_1| -0.3127 | 1.4805 
Iso-butane_2| -0.3616 | 1.6125 
Iso-butane_3| -0.4141 | 1.7708 
Methane_1| -0.4558 | 1.6567 
Methane_2| -0.3603 | 1.3988 
Methane_3| -0.4384 | 1.6332 
Methane_4| -0.4885 | 1.8072 
Methane_5| -0.446  | 1.6442 

Ethanol
300, 6.41
500, 5.46
1000, 4.33
3000, 2.82
7000, 2
10000, 1.71

[(300, 6.41), (500, 5.46), (1000, 4.33), (3000, 2.82), (7000, 2), (10000, 1.71)]

Hydrogen
300, 5.36
500, 4.57
900, 3.685
3000, 2.32
7000, 1.65
10000, 1.536

[(300, 5.36), (500, 4.57), (900, 3.685), (3000, 2.32), (7000, 1.65), (10000, 1.536)]

Iso-butane
300, 5.08
500, 4.33
1000, 3.37
3000, 2.16
7000, 1.51
10000, 1.285

[(300, 5.08), (500, 4.33), (1000, 3.37), (3000, 2.16), (7000, 1.51), (10000, 1.285)]

Methane
300, 3.37
500, 2.67
1000, 2.08
3000, 1.285
5000, 1
7000, 0.85
10000, 0.725

[(300, 3.37), (500, 2.67), (1000, 2.08), (3000, 1.285), (5000, 1), (7000, 0.85), (10000, 0.725)]

Ethanol: (300, 6.41) (500, 5.46) (1000, 4.33) | (3000, 2.82) (7000, 2) | (10000, 1.71) _Hydrogen: (300, 5.36) (500, 4.57) | (900, 3.685) (3000, 2.32) | (7000, 1.65) | (10000, 1.536) _Iso-butane: (300, 5.08) (500, 4.33) | (1000, 3.37) | (3000, 2.16) (7000, 1.51) (10000, 1.285) _Methane: (300, 3.37) (500, 2.67) | (1000, 2.08) | (3000, 1.285) | (5000, 1) (7000, 0.85) | (10000, 0.725)

TGS2611E
Air: 9
Ethanol: 8.546
Iso-butane: 8.256

for ppm = a*ratio^b:

Gas    | a       | b
Hydrogen_1| 20.4397 | -0.2739
Hydrogen_2| 25.691  | -0.3094
Hydrogen_3| 32.7367 | -0.3388
Methane_1| 19.0833 | -0.3283
Methane_2| 33.6048 | -0.4119

for ppm = 10^[(log10(ratio)-b)/m]:

Gas    | m       | b
Hydrogen_1| -0.2739 | 1.3105 
Hydrogen_2| -0.3094 | 1.4098 
Hydrogen_3| -0.3388 | 1.515  
Methane_1| -0.3283 | 1.2807 
Methane_2| -0.4119 | 1.5264 

Hydrogen
300, 4.285
600, 3.544
900, 3.141
4000, 1.971
10000, 1.445

[(300, 4.285), (600, 3.544), (900, 3.141), (4000, 1.971), (10000, 1.445)]

Methane
300, 2.932
600, 2.343
900, 2.041
4000, 1.096
10000, 0.763

[(300, 2.932), (600, 2.343), (900, 2.041), (4000, 1.096), (10000, 0.763)]

Hydrogen: (300, 4.285) (600, 3.544) | (900, 3.141) (4000, 1.971) | (10000, 1.445) _Methane: (300, 2.932) (600, 2.343) (900, 2.041) | (4000, 1.096) (10000, 0.763)