Datasheet-1:

Air: 1
Con: 0.1-1

for ppm = a*ratio^b:

Gas    | a       | b
NO2_1  | 3.8543  | 0.4461 
NO2_2  | 6.2067  | 0.7421 
NO2_3  | 8.3971  | 0.9932 
NO2_4  | 9.3462  | 1.11   
NO2_5  | 9.8153  | 1.1807 
NO2_6  | 11.3465 | 1.4645 
NO2_7  | 10.8586 | 1.3412 
NO2_8  | 10.5387 | 1.2072 
NO2_9  | 10.58   | 1.2443 

for ppm = 10^[(log10(ratio)-b)/m]:

Gas    | m       | b
NO2_1  | 0.4461  | 0.5859 
NO2_2  | 0.7421  | 0.7929 
NO2_3  | 0.9932  | 0.9241 
NO2_4  | 1.11    | 0.9706 
NO2_5  | 1.1807  | 0.9919 
NO2_6  | 1.4645  | 1.0549 
NO2_7  | 1.3412  | 1.0358 
NO2_8  | 1.2072  | 1.0228 
NO2_9  | 1.2443  | 1.0245 

NO2
0.1, 1.38
0.2, 1.88
0.3, 2.54
0.4, 3.38
0.5, 4.33
0.6, 5.37
0.7, 6.73
0.8, 8.05
0.9, 9.28
1, 10.58

[(0.1, 1.38), (0.2, 1.88), (0.3, 2.54), (0.4, 3.38), (0.5, 4.33), (0.6, 5.37), (0.7, 6.73), (0.8, 8.05), (0.9, 9.28), (1.0, 10.58)]

NO2: (0.1, 1.38) (0.2, 1.88) | (0.3, 2.54) | (0.4, 3.38) | (0.5, 4.33) | (0.6, 5.37) | (0.7, 6.73) | (0.8, 8.05) | (0.9, 9.28) | (1.0, 10.58)

Datasheet-2:

Air: 1
Con: 1-30

for ppm = a*ratio^b:

Gas    | a       | b
CO_1   | 0.6317  | -0.2544
CO_2   | 0.667   | -0.3085
CO_3   | 0.7571  | -0.3758
CO_4   | 0.7888  | -0.3933
CO_5   | 0.7561  | -0.3792
H2_1   | 0.347   | -0.2689
H2_2   | 0.3522  | -0.2905
H2_3   | 0.4004  | -0.4079
H2_4   | 0.3213  | -0.2702
H2_5   | 0.4099  | -0.4072
H2_6   | 0.4214  | -0.4178
Ethanol_1| 0.288   | -0.442 
Ethanol_2| 0.2936  | -0.4684
Ethanol_3| 0.3082  | -0.5059
Ethanol_4| 0.2918  | -0.4774
Ethanol_5| 0.3418  | -0.5293

for ppm = 10^[(log10(ratio)-b)/m]:

Gas    | m       | b
CO_1   | -0.2544 | -0.1995
CO_2   | -0.3085 | -0.1759
CO_3   | -0.3758 | -0.1209
CO_4   | -0.3933 | -0.103 
CO_5   | -0.3792 | -0.1214
H2_1   | -0.2689 | -0.4597
H2_2   | -0.2905 | -0.4532
H2_3   | -0.4079 | -0.3975
H2_4   | -0.2702 | -0.493 
H2_5   | -0.4072 | -0.3873
H2_6   | -0.4178 | -0.3753
Ethanol_1| -0.442  | -0.5406
Ethanol_2| -0.4684 | -0.5323
Ethanol_3| -0.5059 | -0.5112
Ethanol_4| -0.4774 | -0.535 
Ethanol_5| -0.5293 | -0.4663

CO
1, 0.631
2, 0.532
3, 0.476
4, 0.434
5, 0.405
6, 0.385
7, 0.366
8, 0.3473
9, 0.33
10, 0.3189
20, 0.2428
30, 0.2082

[(1, 0.631), (2, 0.532), (3, 0.476), (4, 0.434), (5, 0.405), (6, 0.385), (7, 0.366), (8, 0.3473), (9, 0.33), (10, 0.3189), (20, 0.2428), (30, 0.2082)]

H2
1, 0.347
2, 0.288
3, 0.256
4, 0.227
5, 0.208
6, 0.198
7, 0.185
8, 0.176
9, 0.167
10, 0.161
20, 0.1206
30, 0.1017

[(1, 0.347), (2, 0.288), (3, 0.256), (4, 0.227), (5, 0.208), (6, 0.198), (7, 0.185), (8, 0.176), (9, 0.167), (10, 0.161), (20, 0.1206), (30, 0.1017)]

Ethanol
1, 0.288
2, 0.212
3, 0.176
4, 0.153
5, 0.136
6, 0.125
7, 0.115
8, 0.109
9, 0.102
10, 0.0966
20, 0.07
30, 0.05648

[(1, 0.288), (2, 0.212), (3, 0.176), (4, 0.153), (5, 0.136), (6, 0.125), (7, 0.115), (8, 0.109), (9, 0.102), (10, 0.0966), (20, 0.07), (30, 0.05648)]

CO: (1, 0.631) (2, 0.532) (3, 0.476) | (4, 0.434) (5, 0.405) (6, 0.385) | (7, 0.366) (8, 0.3473) (9, 0.33) (10, 0.3189) | (20, 0.2428) | (30, 0.2082) 
_ H2: (1, 0.347) (2, 0.288) | (3, 0.256) | (4, 0.227) (5, 0.208) | (6, 0.198) | (7, 0.185) (8, 0.176) (9, 0.167) (10, 0.161) | (20, 0.1206) (30, 0.1017) 
_ Ethanol: (1, 0.288) (2, 0.212) | (3, 0.176) (4, 0.153) | (5, 0.136) (6, 0.125) (7, 0.115) | (8, 0.109) (9, 0.102) (10, 0.0966) (20, 0.07) | (30, 0.05648)
