Air: 1
Con: 1-100

Methane
1, 0.94
100, 0.91

[(1, 0.94), (100, 0.91)]

Iso-Butane
1, 0.94
10, 0.64
100, 0.3

[(1, 0.94), (10, 0.64), (100, 0.3)]

CO
1, 0.9
10, 0.58
100, 0.26

[(1, 0.9), (10, 0.58), (100, 0.26)]

Ethanol
1, 0.7
10, 0.26
100, 0.08

[(1, 0.7), (10, 0.26), (100, 0.08)]

Hydrogen
1, 0.67
10, 0.28
100, 0.1

[(1, 0.67), (10, 0.28), (100, 0.1)]

Methane: (1, 0.94) (100, 0.91) _ Iso-Butane: (1, 0.94) (10, 0.64) | (100, 0.3) _ CO: (1, 0.9) (10, 0.58) | (100, 0.26) _ Ethanol: (1, 0.7) (10, 0.26) | (100, 0.08) _ Hydrogen: (1, 0.67) (10, 0.28) | (100, 0.1)
